0.0,303.407716672,403.677272869,383.190363511,589.955567757,258.490930664,463.046995362,441.375503345,448.210972101,415.484354129,359.967363074,294.233037401,377.40709184,349.272344854,342.897661273,372.792251727,443.264350983,341.427148703,360.23254817,304.377568034,404.693027296,522.784618679,380.2579702,447.055376402,428.139079275,290.183532039,383.465459295,493.292101552,498.728827983,520.82858519,546.473495164,401.265371433,754.668362064,440.868914365,395.532114201,482.635404718,462.078170044,406.810043922,418.912684022,358.876678365,530.67643928,551.019636168,625.146452457,601.618993014,538.849980578,426.630991035,584.894476562,562.113192211,580.424844192,507.473924532,706.824834024,771.780213884,617.391118336,540.042515834,545.803753423,584.635467755,508.668730162,421.382747664,612.176402453,558.97081331,327.077901272,260.809491215,617.759878295,421.103164605,365.663472936,555.347918959,714.506713969,328.194222211,420.373096687,198.874074693,528.369574373,254.866121374,332.222754218,399.798111918,396.543580639,315.758588168,508.265098886,437.564180249,526.997558709,336.262968198
303.407716672,0.0,142.715400303,486.444693417,487.685584351,323.288226461,480.325969765,367.680026592,342.971077287,365.823304834,184.815925651,268.48229666,394.840576887,306.293397762,265.942327784,245.464931489,304.940623014,370.990593511,292.507146568,215.318781247,352.518746435,553.8110626,222.099462738,273.710341981,273.195638041,315.435863574,252.106171103,367.97013715,501.531930133,474.966643314,354.242743566,334.65148163,532.421147329,282.448059135,291.959326364,291.961690697,275.346357516,401.444168166,350.612123881,341.323562972,506.045089726,422.028162598,496.650475639,493.033568509,436.536442591,421.947552439,532.266437788,499.346880221,468.826138095,497.725890046,638.83601605,670.605035233,524.67111628,536.572629041,507.929233492,474.989112618,477.278234025,362.422165645,493.240890579,512.664679659,321.984473411,266.024021937,427.313674202,218.623499567,320.676859514,467.474367979,513.962047601,292.90004697,356.731370187,269.012081947,318.301996038,349.951411457,286.829915449,239.368613961,312.562015352,300.871155458,322.253071707,358.93413136,313.533005042,323.352125826
403.677272869,142.715400303,0.0,134.218440049,331.405472984,456.774914799,366.930410845,308.008014793,384.100034446,363.188201224,357.449672259,331.801569894,437.379088332,395.891028221,352.653418246,324.946775543,335.874812019,386.694998041,393.124390146,402.971010789,322.48428148,629.804399754,501.745040737,534.225061745,393.727654622,544.143643571,522.739644432,386.295134083,519.772630353,488.615296581,453.94734985,461.522499292,484.983259924,375.68371324,415.589325508,373.181676757,440.870456962,426.312657946,442.063634582,416.668802121,532.716184041,478.007013955,522.055086322,507.228258944,493.164986443,495.984348616,529.638069378,526.752910257,509.945963273,533.593691037,595.221514612,664.034781153,527.66232684,549.831161731,552.335189596,535.424681033,502.260351826,344.322632885,488.310493626,541.233167124,495.032515913,433.211651024,425.087464324,450.550806136,483.186139475,549.746945395,486.952774162,471.690621921,461.175603753,382.222335688,414.576477987,415.888712466,382.358341985,399.090366444,480.968729325,458.149744507,411.850551576,480.434720905,382.538349955,476.590684258
383.190363511,486.444693417,134.218440049,0.0,323.233783585,580.329855574,338.522919447,300.866542337,366.883335565,401.329881609,344.646763596,341.757713736,463.206976773,410.886599923,404.512581349,394.369399277,351.259301555,351.56089259,482.715527353,368.123934976,534.581840576,591.431011053,373.29806985,421.153486653,320.349588053,496.308986227,424.908288236,390.464160626,552.993940986,515.277417646,469.139044655,463.839748333,400.441735649,397.209525646,409.602392803,381.25734458,455.627040651,478.482834881,433.176124839,399.652059162,535.931847974,499.489270452,566.896998108,538.066495589,516.422161131,548.36436382,539.574511872,574.55068854,524.985340288,563.379581313,342.74127193,365.560025864,483.971756837,564.52091632,591.137465881,539.669532449,530.134585084,344.922038291,494.874121509,520.356470327,482.015144573,523.071383259,364.648561121,387.278267214,453.123398065,340.816947184,344.992617897,421.333959329,504.689579817,485.459556598,468.706977416,450.171645037,408.727146056,418.943393612,483.811298923,474.561888312,348.309666201,443.367901955,392.096819061,456.450494598
589.955567757,487.685584351,331.405472984,323.233783585,0.0,488.96386232,178.300125626,252.987783921,326.820726369,438.969070881,353.971620206,320.906319221,429.918929055,418.236607211,413.789475597,400.006797497,239.389812221,345.764014847,326.398769333,558.750436892,584.838151334,597.453994651,515.247641479,395.350869438,435.145329573,543.244839989,456.791010633,548.566175282,430.676231717,513.521205192,405.969385865,509.660013919,409.272034666,526.430359199,425.30821392,393.265795172,397.570578866,451.973337845,434.939348665,457.360990934,545.953033633,506.817464978,524.522594138,528.328134074,496.697294866,491.900109186,568.967545076,541.74281125,534.652471891,529.775762947,320.74779684,371.554328944,531.688837931,570.975040135,575.721894494,540.869087989,555.829879825,504.575707033,503.039483066,546.303152962,451.234917738,450.71005839,299.839106146,454.064864162,492.23651727,336.645440992,352.291511433,517.535432901,455.449046212,490.016641724,391.432306068,481.406890781,362.945070319,511.614419168,471.852396821,493.712412121,380.825145716,455.911391651,484.935318286,475.050587292
258.490930664,323.288226461,456.774914799,580.329855574,488.96386232,0.0,371.952036537,481.761973377,418.627363471,490.453731393,495.095631567,477.884362599,443.266996633,455.111497238,465.663832279,467.632837191,388.252541733,310.449763818,430.997214236,369.812471596,460.522154698,546.617882914,265.730335799,411.447170014,434.910224131,401.879119615,379.471876745,434.014462879,568.412945053,585.242616255,564.840707338,345.475916747,776.586646001,412.387076343,377.970950848,560.050178679,519.184417836,423.085738977,342.709338934,434.750711374,555.183064962,565.73679261,591.674121717,550.210373213,535.605031251,496.50071306,550.676144589,561.962771273,549.067324789,525.266840106,702.354040622,768.601944095,636.32736298,568.737228397,555.277520217,538.74256983,527.401614794,379.672869394,555.569577663,561.100269217,395.097962768,347.186408745,425.165896366,330.934316392,401.065511918,431.056018552,599.207335671,295.36763487,396.959193516,271.335886306,538.503817888,297.415879827,382.196212792,382.419021607,439.171751524,317.056158425,437.248400915,397.839014511,521.717981213,322.590371857
463.046995362,480.325969765,366.930410845,338.522919447,178.300125626,371.952036537,0.0,220.477766429,271.231578973,486.647269081,342.479593576,295.423299782,357.606450952,285.434861283,327.041097389,260.017075326,289.355376236,317.089255829,305.451421668,293.857880936,482.042035692,477.059278919,280.128404681,295.808150492,384.366245637,347.083303976,274.819530658,392.610921277,475.394531399,502.041324221,295.165227848,324.864315533,433.828551089,399.400433581,301.991185331,306.995017234,333.41781955,251.087018596,339.296703718,256.571575864,481.740821316,464.201831607,530.579091098,499.06301206,434.920433076,425.853765287,460.235400585,506.399322919,470.372514299,478.99438186,438.079014341,537.981947305,476.019434511,531.193411149,548.585705371,453.931574549,477.21394688,363.424249201,471.872423468,453.985546031,352.040924541,350.517662471,276.326188539,283.332571997,303.445333248,299.473310044,413.415068331,374.169130805,283.141871012,373.384961597,400.616554577,338.859206197,364.391320287,441.1949918,331.550037368,297.642707422,320.987685005,407.850452643,371.029859046,371.870837601
441.375503345,367.680026592,308.008014793,300.866542337,252.987783921,481.761973377,220.477766429,0.0,242.537913693,410.488571325,354.872048168,293.340391232,356.220792823,323.420556312,312.75438715,295.843202441,338.906758164,320.707808433,210.136470035,311.876605684,472.114686349,475.123857914,354.725542654,345.886747026,277.642182085,364.425476561,360.098709259,485.787697569,526.705622086,520.319266328,357.069112156,352.295757578,407.611168084,432.290854778,361.444434828,310.700237095,310.906247026,330.717281185,408.656281679,332.62066294,532.716250876,408.267889587,474.35737,478.197200706,396.15059061,387.267115157,462.794460129,478.330914101,498.615357558,482.188322338,526.28325122,478.190219313,487.734485553,500.960793452,543.713678497,492.956498319,501.700341349,488.985647356,462.674499077,472.888561734,424.190166895,467.268626418,307.903717559,371.011606857,318.134517394,246.7436924,300.902723408,325.084362056,395.373414007,450.787611776,347.606052899,375.982657272,359.412699241,372.276235501,355.833423901,339.930742119,374.502951797,389.658925,405.13170581,391.694728759
448.210972101,342.971077287,384.100034446,366.883335565,326.820726369,418.627363471,271.231578973,242.537913693,0.0,268.13324123,362.000650072,357.451620879,353.415340107,354.344785146,303.145207819,310.945099092,265.043456843,241.885632137,374.388569729,436.601583701,404.86805021,460.717275937,243.983329618,192.427144496,244.026989666,367.92887296,223.136018609,299.934694777,518.199304742,393.584390168,285.568824615,215.570071653,341.817098563,332.529695382,196.545188265,165.141778254,265.490293942,284.505763142,268.102706816,264.841281324,469.727422992,391.424701052,472.742693108,444.374508559,353.77356149,396.148923089,420.592319864,456.20906928,411.704299964,420.657517571,471.121474569,448.658814555,436.292722824,512.717398099,460.75663898,434.354717327,439.098282067,415.439899696,415.646231675,471.44761414,281.423857382,399.057500302,148.88897503,215.639176424,274.75357193,166.810512021,199.572334861,220.295989245,270.551187889,373.261655516,270.142246049,312.395466236,181.283748085,236.435505695,338.464125696,231.468702556,167.609913268,217.692994882,268.858951122,278.813492771
415.484354129,365.823304834,363.188201224,401.329881609,438.969070881,490.453731393,486.647269081,410.488571325,268.13324123,0.0,380.51970156,372.363850174,437.835952027,333.449005276,264.498009622,297.037490194,272.189350822,373.522071561,335.751871063,426.655664208,297.767440758,521.231113809,308.407647937,336.40459284,262.064431593,409.530575827,356.116820515,237.828955422,469.90955754,568.588086716,316.579462397,330.779735793,361.031294383,241.257835873,364.961754059,334.970067872,300.492221906,281.326895167,388.240162864,305.419405822,494.530214808,426.31377219,511.17395896,454.222298203,405.962864525,442.115211293,467.167257387,499.152708279,395.847692765,408.89340697,287.676607024,365.157917179,458.853674594,493.002294188,494.315507085,517.516575958,443.391946198,346.574568481,457.935584384,436.507941996,283.261146879,293.001760302,348.891697243,289.252262677,307.545613635,339.778669412,211.020041903,325.876426868,392.342738312,323.174582083,324.580936392,384.983521402,360.491539828,206.792312259,260.480183049,401.826266482,296.824915769,365.884315323,345.367951011,235.764779087
359.967363074,184.815925651,357.449672259,344.646763596,353.971620206,495.095631567,342.479593576,354.872048168,362.000650072,380.51970156,0.0,69.709238291,354.936496712,319.123526566,213.937251963,273.54721611,351.519798949,388.204229959,379.866064867,342.936493847,634.595700356,492.45674343,315.128512865,306.852529524,340.349600617,367.54786245,185.285666643,446.61149451,506.204232365,527.824659998,222.885267043,365.191458534,457.316705481,310.192279831,258.599551755,165.448875203,284.485989537,261.410226939,293.093822692,233.05007228,518.828316909,441.882565506,520.4443092,535.956353919,512.161082884,458.869392405,514.425721234,520.100366491,455.47009794,464.874266814,474.256263386,515.582235653,491.102023392,518.637848941,534.343930095,494.767479576,471.271424012,492.819104499,486.517594161,465.810375644,249.432214541,255.151175789,256.19933781,193.256334444,310.472390536,301.641685091,328.603740294,381.560605665,421.645296364,306.361485186,374.821705954,342.67118959,317.005722454,213.772614777,234.398853816,254.405823693,334.78001735,378.909973449,312.808249804,310.998744476
294.233037401,268.48229666,331.801569894,341.757713736,320.906319221,477.884362599,295.423299782,293.340391232,357.451620879,372.363850174,69.709238291,0.0,311.851120425,283.349444116,198.117267123,258.983826713,346.292201086,395.67636746,205.328970013,353.312635485,501.102564198,511.845548837,149.348725593,257.719902202,306.839411609,310.59576037,274.471960232,469.067350667,490.543488889,544.292478249,296.827016641,366.603286077,401.782002051,335.594549542,368.042158022,213.613987146,282.138826801,247.150897408,402.647061858,220.916264495,496.436061553,453.075615078,502.108800031,519.381085955,507.586679721,396.519998079,459.572899981,509.161158539,472.53225175,456.263331936,498.354608773,532.64316298,478.503427118,534.12445691,535.934274479,469.266396028,490.167635837,480.591112604,509.656280987,486.802335335,236.181852155,257.353169262,255.607904761,150.99591844,258.644139069,326.918776197,295.988506338,344.746882383,418.391089102,315.407352727,319.47729108,308.840815638,271.081978581,235.573054227,306.72080276,214.123643261,318.210193714,363.454128989,467.715970863,255.500574677
377.40709184,394.840576887,437.379088332,463.206976773,429.918929055,443.266996633,357.606450952,356.220792823,353.415340107,437.835952027,354.936496712,311.851120425,0.0,139.45807692,158.466780026,155.841617697,392.322140165,359.829203056,273.405949851,305.819631585,543.265711665,429.595112986,344.319719671,323.55421414,336.07069652,261.019119152,350.933936488,437.921852777,425.993641021,438.137679426,336.080371922,285.007384701,420.672456602,362.155083289,284.775061251,325.948059812,276.647315117,279.202616548,295.238510486,263.785587029,406.484341829,333.917502682,442.41086982,431.469493427,323.643291126,307.703309517,405.374839668,461.848320587,475.186807635,410.013671811,564.10900521,543.720777943,423.58111156,465.555968595,417.005263393,365.004294669,411.85128372,451.923237903,414.165581314,433.263960772,372.311009865,369.532614662,307.147185048,477.519526443,236.270072236,304.41184381,300.126366169,297.517685751,226.64182334,280.691789172,302.989637502,252.621388885,249.78441193,343.255672084,312.328533275,297.155930285,309.450405116,272.380662475,271.370369784,329.138138788
349.272344854,306.293397762,395.891028221,410.886599923,418.236607211,455.111497238,285.434861283,323.420556312,354.344785146,333.449005276,319.123526566,283.349444116,139.45807692,0.0,133.813286135,109.38064035,381.791421639,342.585207369,221.675767152,384.747668687,604.157483568,428.78175815,328.658557117,322.519575275,280.744096919,306.516985995,355.604606767,437.06418957,383.106838403,489.947740502,358.509266147,319.578241754,366.090490777,400.467308023,298.788033644,315.750519764,238.941459112,273.025383946,310.005439757,344.399393482,412.301079026,352.923185799,432.527606565,424.610481219,373.017549396,319.795594664,428.945843244,432.846045248,385.189878587,387.882577219,553.533111186,542.080539397,412.712863177,442.160376547,433.9715409,372.870924563,414.702194478,534.906670444,424.308133483,439.52008482,372.202011318,376.655930853,320.69902169,338.149425438,250.918866374,319.322759314,281.454327452,261.396820932,267.041292083,308.646505821,349.210756983,319.289259313,304.295614795,335.282545149,301.203221249,329.617837959,326.403195821,283.354316159,374.890441222,297.46579027
342.897661273,265.942327784,352.653418246,404.512581349,413.789475597,465.663832279,327.041097389,312.75438715,303.145207819,264.498009622,213.937251963,198.117267123,158.466780026,133.813286135,0.0,55.3197782451,319.760819089,348.914953016,185.137634236,342.74947532,475.610094854,427.380354085,245.936388606,226.786816857,206.54465531,228.743097276,252.063101437,383.984598666,434.505302617,486.281144636,213.445887203,220.249994363,404.011086707,250.28497958,227.249517608,226.285754251,172.421892183,178.223947162,292.034614146,263.983096076,442.933151349,368.41240933,485.068404569,464.681611801,418.050420358,323.205796156,406.203212242,479.332805123,430.156049077,405.988279732,478.584415642,460.389461376,464.673073997,485.055750804,450.536115785,410.467186058,392.939850219,466.492031794,437.526785036,436.353068125,246.591180253,318.326529588,310.531249058,243.049086739,169.872132015,285.577797929,241.818187679,288.645478632,282.242429472,295.568381033,245.38704095,300.655934041,277.543566395,265.993637448,269.755053777,277.230382899,255.419654201,244.763252663,321.37149222,184.588948202
372.792251727,245.464931489,324.946775543,394.369399277,400.006797497,467.632837191,260.017075326,295.843202441,310.945099092,297.037490194,273.54721611,258.983826713,155.841617697,109.38064035,55.3197782451,0.0,339.771948329,364.124931271,239.452618411,323.469682509,523.344521635,431.279751468,339.522153968,256.8945928,203.634683325,252.323899355,350.067431891,389.796158596,447.670932248,473.097223387,231.412410982,279.515821462,344.800515163,304.543580781,258.131329587,254.997519471,194.286268962,212.92580201,301.460769049,219.86794017,417.912794977,353.574243221,467.081177111,469.45400536,385.578338963,335.701120968,407.359895037,457.773119003,454.280724933,405.63040529,539.650307669,550.067748668,483.505558992,471.667891303,459.394410084,376.93440389,382.681087551,492.143231546,420.464657816,417.464215431,330.237093936,392.654360985,308.158031646,332.906996384,205.920736944,294.558242404,228.972338899,269.060281503,282.242477747,329.328033624,374.47177863,274.228634099,296.19742064,246.173526025,276.673225614,261.713015773,262.182529165,211.125534851,307.33313261,228.400704112
443.264350983,304.940623014,335.874812019,351.259301555,239.389812221,388.252541733,289.355376236,338.906758164,265.043456843,272.189350822,351.519798949,346.292201086,392.322140165,381.791421639,319.760819089,339.771948329,0.0,288.16217257,304.650546871,476.074490015,407.407856807,596.285143867,407.261060381,443.272434912,389.677739675,472.303644889,464.154510614,439.689675554,488.042983356,525.301884269,399.6938326,388.902738191,370.805799517,375.037351201,485.277796961,440.27918688,452.440411248,445.619120453,422.972221691,412.461918066,466.963868433,458.283575981,506.550829223,480.417922659,449.72493391,467.189325348,484.849863968,475.455901751,432.99807698,444.915925663,349.585769838,346.034771025,465.628764879,537.482556672,548.810204362,478.898649526,487.353521918,447.975036777,423.831204506,439.33338234,488.281456024,461.125010973,400.242284753,388.021632641,457.858019725,346.748701529,318.2210402,376.13473466,429.836019119,373.167926728,307.579849255,421.605016362,463.219816334,363.06464431,406.183022351,440.315564217,380.257446978,296.756185889,356.001615461,468.082412948
341.427148703,370.990593511,386.694998041,351.56089259,345.764014847,310.449763818,317.089255829,320.707808433,241.885632137,373.522071561,388.204229959,395.67636746,359.829203056,342.585207369,348.914953016,364.124931271,288.16217257,0.0,341.663423415,395.136619552,450.310259191,474.642923014,424.552487439,446.142575474,344.594995101,348.845489078,441.611147378,457.007710836,487.38418201,453.136745402,440.304219739,386.552067127,491.519905388,428.792832735,404.336172155,412.37449542,399.803509699,405.836140787,488.103267021,432.212537215,464.372515005,408.369224537,498.923608308,490.854716496,453.419069326,379.62328631,478.518393283,463.766311493,463.221664837,457.42616811,463.392870002,484.455259764,486.948388179,504.894159773,487.135076463,419.877599263,454.260001587,402.71240602,416.903014545,462.434435638,393.190210131,433.129984181,401.374954401,424.589639729,410.558472537,368.989142062,376.924243859,318.39086436,385.277765596,342.95621056,430.359759224,285.577021707,342.538528786,417.58308245,415.671026503,370.884048921,412.272386679,372.947476872,363.881869308,425.400096202
360.23254817,292.507146568,393.124390146,482.715527353,326.398769333,430.997214236,305.451421668,210.136470035,374.388569729,335.751871063,379.866064867,205.328970013,273.405949851,221.675767152,185.137634236,239.452618411,304.650546871,341.663423415,0.0,430.530049983,510.785019487,497.910603534,254.377023053,263.712205981,301.326691763,315.631398494,305.723714383,482.144262262,418.663778415,510.145249701,316.544484991,231.056229538,396.168246024,273.747274421,265.817530796,310.564607678,221.698443939,285.173724611,346.504596566,304.828981372,400.951914441,411.783450996,485.269315703,482.604168581,376.041707529,361.932113842,420.579262807,443.404404384,436.446380917,409.422480128,458.142020608,485.267617784,451.659911044,495.711383301,462.773805284,403.453025527,388.991151538,489.692283406,447.765362951,416.207264925,324.959916927,338.824581201,331.186678261,241.766609072,248.460552228,416.550468713,284.314845787,289.649608617,348.692493017,291.566347227,310.561960618,317.613016535,264.194600067,284.966707396,226.481823017,329.752718842,359.393472588,264.781802355,320.410625462,292.255784135
304.377568034,215.318781247,402.971010789,368.123934976,558.750436892,369.812471596,293.857880936,311.876605684,436.601583701,426.655664208,342.936493847,353.312635485,305.819631585,384.747668687,342.74947532,323.469682509,476.074490015,395.136619552,430.530049983,0.0,468.516510275,517.325113222,278.135940721,397.224878727,426.910443036,449.284100703,362.145906035,350.880941002,585.075712771,507.716360458,470.773922357,388.850687223,660.012423499,381.792031147,374.15664633,381.294589441,389.351074322,389.15529198,304.915966261,267.637710939,507.828816686,420.982836995,489.325350268,474.84968064,440.211312073,437.585309913,510.830822558,498.207918318,494.34086799,555.128709725,789.604151769,848.890303593,493.802191419,559.43727179,513.706961705,481.755354718,438.483674404,308.007175581,477.11847281,480.883672685,460.444741473,540.814573144,343.503618614,324.967222119,395.098046357,422.234000634,644.169384104,301.926285755,323.968803252,471.484697692,470.271287289,463.624311475,364.919371924,393.794198351,370.671167228,305.609321083,325.377724039,353.425107883,385.699139712,282.282640924
404.693027296,352.518746435,322.48428148,534.581840576,584.838151334,460.522154698,482.042035692,472.114686349,404.86805021,297.767440758,634.595700356,501.102564198,543.265711665,604.157483568,475.610094854,523.344521635,407.407856807,450.310259191,510.785019487,468.516510275,0.0,671.112744446,552.885400837,580.347674646,488.719050783,578.898404665,570.09315939,327.992959732,543.935073398,669.381000496,405.938265426,501.23538103,517.379596995,409.615441725,533.706883825,475.078725317,518.589983525,570.641224241,587.761967445,525.180491384,569.210142558,474.21604699,507.887286063,583.263236164,456.800008972,524.495159392,550.881683289,602.079297567,579.618301058,553.389246583,656.437722371,683.98799625,589.527265718,559.774498814,613.718346273,572.33696502,571.681918903,240.316733832,525.403370746,550.594075705,638.917254974,621.742993011,406.310817206,557.753562967,577.326863101,541.578966605,468.370152592,603.708561846,510.475077524,388.974346449,517.974122725,567.949310597,452.578054038,555.930401939,502.425418589,552.371647749,376.191913055,528.789247813,315.677684234,508.528199694
522.784618679,553.8110626,629.804399754,591.431011053,597.453994651,546.617882914,477.059278919,475.123857914,460.717275937,521.231113809,492.45674343,511.845548837,429.595112986,428.78175815,427.380354085,431.279751468,596.285143867,474.642923014,497.910603534,517.325113222,671.112744446,0.0,537.035496046,516.920902893,503.45738012,419.910599075,525.089269064,668.013850623,508.177139698,390.934871307,540.178842701,484.000367371,494.068606992,525.817265991,499.464172006,505.577788157,472.540955621,498.836601388,471.479278101,485.665123246,413.168213411,413.154189866,415.197331234,404.77361486,353.835942095,366.977283529,453.43356579,514.520128916,446.396597045,394.272642552,702.327766894,640.373224153,474.925285479,401.687281235,445.390525112,405.224594937,443.480953893,583.509198595,433.324378736,480.469867915,470.105138766,557.212804335,596.349810434,524.502694666,438.980949886,542.454337018,504.51342924,456.987334064,429.94686274,458.861933043,536.175163859,419.891690976,444.542665374,506.704704124,467.721072551,461.612386225,551.628133969,481.433406458,492.950079197,483.550398139
380.2579702,222.099462738,501.745040737,373.29806985,515.247641479,265.730335799,280.128404681,354.725542654,243.983329618,308.407647937,315.128512865,149.348725593,344.319719671,328.658557117,245.936388606,339.522153968,407.261060381,424.552487439,254.377023053,278.135940721,552.885400837,537.035496046,0.0,30.3176429885,254.020166775,217.766429406,22.7612752348,298.998609824,471.780470194,534.560084029,237.294584166,210.920685069,530.286509446,195.568013792,65.9681523156,56.9162773447,189.955818533,156.414838296,312.513361691,166.122928489,474.138881191,497.543808397,532.747886036,508.707190171,503.628908389,395.650619489,526.415929429,512.314562358,473.00655725,444.294826247,562.61196681,651.980207866,523.027555757,518.182695891,519.749767983,490.109517013,434.148597766,477.363333772,554.737927216,487.872856427,313.790225147,260.084682507,340.070983953,32.5994546604,183.681919493,327.053193687,567.345961147,182.594256647,349.480424636,282.61276198,296.695763913,289.609885294,131.117751506,132.795454831,164.418618951,302.529353764,378.573570524,361.83792829,302.956582464,117.48172501
447.055376402,273.710341981,534.225061745,421.153486653,395.350869438,411.447170014,295.808150492,345.886747026,192.427144496,336.40459284,306.852529524,257.719902202,323.55421414,322.519575275,226.786816857,256.8945928,443.272434912,446.142575474,263.712205981,397.224878727,580.347674646,516.920902893,30.3176429885,0.0,251.409688711,250.045014612,23.7953928804,209.552320322,530.242073893,518.586945089,199.938583113,205.245234518,341.854847848,311.762386044,46.9250985756,26.7480274912,165.555228617,151.064001341,157.366525119,190.553981757,484.774931364,447.33119839,544.646550084,560.042082232,425.556747914,388.539639566,482.100511721,530.690451799,482.465422756,433.043397085,522.827749118,575.429011788,493.162590821,542.18703,515.822686584,484.015137391,444.03583846,552.1819743,510.94933381,502.741164246,119.889198788,251.988818689,123.462613928,45.8431553554,179.456022072,313.677785066,209.281201257,191.622549766,241.575099827,387.704990639,217.22102147,237.60201614,161.898979669,127.530320274,163.735638937,224.353114236,233.199892067,298.565355556,304.850904593,118.358420139
428.139079275,273.195638041,393.727654622,320.349588053,435.145329573,434.910224131,384.366245637,277.642182085,244.026989666,262.064431593,340.349600617,306.839411609,336.07069652,280.744096919,206.54465531,203.634683325,389.677739675,344.594995101,301.326691763,426.910443036,488.719050783,503.45738012,254.020166775,251.409688711,0.0,192.279430373,292.115916631,253.458132614,485.847060466,501.486459355,279.442120064,169.946602754,455.411454561,185.043486434,292.101165366,256.739578085,153.583900237,151.912934353,209.346013609,195.78844855,491.409205572,315.775913325,510.632340247,463.378420266,359.890515094,344.268888875,447.154737311,504.345396109,389.063223913,394.940540503,537.254634422,646.075421666,457.60971497,486.429560133,493.166220422,448.859831762,409.792672025,408.253162933,427.347437625,452.325220383,258.611535855,337.065243676,371.170990235,262.370304526,161.216610531,374.715977099,386.993502702,188.369214765,297.774766516,310.419167863,459.992492336,332.1991109,228.730026043,182.347980556,218.160504371,250.887301699,286.846329986,187.504555145,175.706976814,136.374213541
290.183532039,315.435863574,544.143643571,496.308986227,543.244839989,401.879119615,347.083303976,364.425476561,367.92887296,409.530575827,367.54786245,310.59576037,261.019119152,306.516985995,228.743097276,252.323899355,472.303644889,348.845489078,315.631398494,449.284100703,578.898404665,419.910599075,217.766429406,250.045014612,192.279430373,0.0,202.681125298,437.091896489,422.572912963,465.438892017,251.135301116,125.450013457,450.040129141,265.418472189,202.626924227,228.482543506,124.137735971,102.397739083,284.163379595,158.046499096,477.752424762,408.935109965,494.323394299,501.590087617,302.04047636,293.704826403,490.133739253,528.268574989,457.022922072,408.869350449,618.947807254,688.300320471,541.606858412,504.852946224,501.311716016,419.124805429,435.651083176,547.482854829,498.279209328,518.845898971,369.443849258,329.86574947,316.100191425,236.641117236,75.5152846932,292.719968229,307.190702004,149.417600417,264.937331442,191.210750082,323.839766871,203.305648771,123.639684936,216.19615422,222.285345016,170.150116924,318.731710115,283.563443003,206.964562045,143.919108898
383.465459295,252.106171103,522.739644432,424.908288236,456.791010633,379.471876745,274.819530658,360.098709259,223.136018609,356.116820515,185.285666643,274.471960232,350.933936488,355.604606767,252.063101437,350.067431891,464.154510614,441.611147378,305.723714383,362.145906035,570.09315939,525.089269064,22.7612752348,23.7953928804,292.115916631,202.681125298,0.0,260.788883073,473.850085128,524.411524879,223.45523633,214.392806011,359.452039501,182.378106142,71.0688203022,47.1060023425,198.076125702,156.940212653,192.192169724,171.694251784,499.864547032,508.80154133,518.007139812,537.586379618,458.903883493,397.694761316,509.152387308,524.075006444,474.327877619,443.147977072,573.113350938,649.805030698,530.763808922,564.514770877,523.216009202,507.311511289,446.77371257,508.707160505,518.500355167,515.767480864,309.723596106,284.072968552,171.569232095,44.0442394752,198.880224766,432.789638021,239.042657536,171.566758491,276.935798949,378.421011053,306.315007545,243.157138051,157.245989632,116.224590394,170.520941733,329.924138005,263.276355704,326.615753543,310.061516758,121.498353876
493.292101552,367.97013715,386.295134083,390.464160626,548.566175282,434.014462879,392.610921277,485.787697569,299.934694777,237.828955422,446.61149451,469.067350667,437.921852777,437.06418957,383.984598666,389.796158596,439.689675554,457.007710836,482.144262262,350.880941002,327.992959732,668.013850623,298.998609824,209.552320322,253.458132614,437.091896489,260.788883073,0.0,563.987795387,616.176465731,217.7666115,322.482895025,339.110753032,178.615804721,323.895816859,140.764619085,250.847151179,354.466839026,212.754291902,352.057580241,558.543881198,382.343938232,493.271253252,477.880702064,401.009784065,451.953693897,514.075500618,583.187568019,481.937959946,548.915671754,423.20937549,522.582442001,527.493932339,559.52190153,536.947534601,540.323175322,485.852919432,437.58637497,471.138398119,530.894259597,299.481055819,270.473385409,89.1641214488,327.754404733,406.255622397,271.362372892,177.371924346,413.468544248,401.031261012,313.9971573,236.998909414,400.087266786,293.709509286,243.304243405,348.780242043,443.933368815,265.235838501,303.222654979,169.732704353,385.507247496
498.728827983,501.531930133,519.772630353,552.993940986,430.676231717,568.412945053,475.394531399,526.705622086,518.199304742,469.90955754,506.204232365,490.543488889,425.993641021,383.106838403,434.505302617,447.670932248,488.042983356,487.38418201,418.663778415,585.075712771,543.935073398,508.177139698,471.780470194,530.242073893,485.847060466,422.572912963,473.850085128,563.987795387,0.0,504.814875961,495.008865811,454.534187391,482.8402689,515.810995348,444.069475666,482.214814719,409.984805622,423.874250556,502.952502439,442.930915398,407.045429477,464.189848883,442.218129438,419.944317152,441.043152126,372.49520738,407.484642066,441.570492296,372.766799326,341.001568177,607.262175168,632.827881053,364.416316374,419.707798891,445.298240749,391.839312823,472.125274447,553.536574906,420.679702349,473.766570661,474.910230091,502.557243201,491.218400681,463.793365638,447.025453237,527.132699978,514.403612301,433.331259397,434.834443127,448.09276235,428.655171614,456.259533136,449.172450329,428.285332831,447.308425236,424.202029253,501.702014039,434.643002252,464.730615063,435.927279179
520.82858519,474.966643314,488.615296581,515.277417646,513.521205192,585.242616255,502.041324221,520.319266328,393.584390168,568.588086716,527.824659998,544.292478249,438.137679426,489.947740502,486.281144636,473.097223387,525.301884269,453.136745402,510.145249701,507.716360458,669.381000496,390.934871307,534.560084029,518.586945089,501.486459355,465.438892017,524.411524879,616.176465731,504.814875961,0.0,568.150628388,439.351029808,506.039417627,569.191934215,513.374833536,506.583197728,543.251898682,552.811151166,572.299414159,541.007974451,401.050694956,390.291103512,460.283115853,419.860250643,416.773884452,461.193001983,415.950218911,460.028028357,431.889619407,393.98077336,690.173103299,652.832004488,384.985200795,386.193063064,439.325866124,449.752040507,481.963259741,579.148266393,468.619546994,472.139484245,587.558760725,569.059820327,476.711649411,532.862316453,524.199950333,492.668237491,503.490478954,475.745990761,455.50208766,492.124118516,539.059344712,446.948984738,440.288428581,518.424795609,554.008848556,475.300139544,460.406668268,450.729276616,486.029593265,502.587234896
546.473495164,354.242743566,453.94734985,469.139044655,405.969385865,564.840707338,295.165227848,357.069112156,285.568824615,316.579462397,222.885267043,296.827016641,336.080371922,358.509266147,213.445887203,231.412410982,399.6938326,440.304219739,316.544484991,470.773922357,405.938265426,540.178842701,237.294584166,199.938583113,279.442120064,251.135301116,223.45523633,217.7666115,495.008865811,568.150628388,0.0,145.349789783,282.644324956,120.721896886,221.54942836,177.184291018,142.398955512,162.080962761,279.201405279,129.770689313,524.491191526,385.34121014,509.61033753,478.586566678,370.627917665,357.947454031,498.65616589,491.607978063,418.558661623,437.667190418,437.433638415,523.82193268,473.169678157,562.336251297,514.312463833,470.552438806,419.368114208,441.984031973,504.139173399,504.873688624,460.453527942,403.583857526,265.082793909,258.78556941,181.818488082,240.082875104,152.526118949,335.992679983,314.086199519,484.291544762,136.132404087,340.271998213,239.380795411,192.14006479,209.269074644,253.690071368,243.017717359,293.731173103,128.633987065,377.298521209
401.265371433,334.65148163,461.522499292,463.839748333,509.660013919,345.475916747,324.864315533,352.295757578,215.570071653,330.779735793,365.191458534,366.603286077,285.007384701,319.578241754,220.249994363,279.515821462,388.902738191,386.552067127,231.056229538,388.850687223,501.23538103,484.000367371,210.920685069,205.245234518,169.946602754,125.450013457,214.392806011,322.482895025,454.534187391,439.351029808,145.349789783,0.0,350.978948619,132.946617719,185.927907103,198.478401243,330.013483055,105.64384416,218.479698637,110.020264187,449.750508452,387.555848861,497.04395257,491.605994151,424.212767575,327.437480645,488.037809246,506.82967286,429.424652196,407.12384437,537.723334396,617.117247135,467.786855792,515.92409417,511.968171151,490.070184633,406.940651065,441.833067554,489.616679696,473.867678837,364.079665459,347.783188179,181.197102666,217.932161068,104.869288359,282.661630158,327.332239654,181.009015493,239.964205444,268.692613607,173.638859492,182.674408918,150.032090306,229.32540184,133.198435847,136.910444202,269.677181155,196.707530871,317.222264992,123.161999041
754.668362064,532.421147329,484.983259924,400.441735649,409.272034666,776.586646001,433.828551089,407.611168084,341.817098563,361.031294383,457.316705481,401.782002051,420.672456602,366.090490777,404.011086707,344.800515163,370.805799517,491.519905388,396.168246024,660.012423499,517.379596995,494.068606992,530.286509446,341.854847848,455.411454561,450.040129141,359.452039501,339.110753032,482.8402689,506.039417627,282.644324956,350.978948619,0.0,304.352038081,363.012148296,328.844726954,379.651387596,383.194536997,361.501072587,374.965448044,412.612936623,359.236111474,436.460863413,466.031952044,364.89393118,387.350168943,437.302896539,482.036639903,374.126941171,441.579011322,266.81791977,274.533057755,414.249911584,473.547332043,489.101153795,391.613300411,484.774883191,517.117273543,442.722724632,459.366770646,510.121841198,382.204351345,360.216705302,370.409907408,405.271234016,309.426344726,255.6006476,468.321805728,436.295328233,489.408537185,282.18811266,490.712300313,407.085724196,297.630846892,387.947345129,477.555947739,297.195286266,417.250834514,343.31329405,530.677552777
440.868914365,282.448059135,375.68371324,397.209525646,526.430359199,412.387076343,399.400433581,432.290854778,332.529695382,241.257835873,310.192279831,335.594549542,362.155083289,400.467308023,250.28497958,304.543580781,375.037351201,428.792832735,273.747274421,381.792031147,409.615441725,525.817265991,195.568013792,311.762386044,185.043486434,265.418472189,182.378106142,178.615804721,515.810995348,569.191934215,120.721896886,132.946617719,304.352038081,0.0,248.179715754,271.862989454,143.576484373,171.185748436,188.936936079,339.677556386,481.777061088,373.403113949,482.991156343,481.137317572,374.657674378,375.684166541,483.622635666,558.15328818,410.357515297,460.923127811,479.217247839,589.593955445,463.619907527,521.360706743,533.866986712,459.218783643,434.122197611,350.790906228,455.935396244,469.666354045,288.949593089,350.809261907,197.798445901,165.323314047,207.766697951,324.766889156,187.955528201,245.038731948,364.539332316,394.35559399,342.951747076,366.127656899,270.828475478,72.5649873802,133.361343928,325.703816364,328.591913875,258.753785517,137.707533042,241.120404885
395.532114201,291.959326364,415.589325508,409.602392803,425.30821392,377.970950848,301.991185331,361.444434828,196.545188265,364.961754059,258.599551755,368.042158022,284.775061251,298.788033644,227.249517608,258.131329587,485.277796961,404.336172155,265.817530796,374.15664633,533.706883825,499.464172006,65.9681523156,46.9250985756,292.101165366,202.626924227,71.0688203022,323.895816859,444.069475666,513.374833536,221.54942836,185.927907103,363.012148296,248.179715754,0.0,60.871296423,178.088287506,183.775969397,146.538142286,159.935538892,521.259836659,476.527361297,502.479589995,489.084184588,421.138846321,366.422873912,478.364831503,531.413712856,467.877140853,443.178532364,602.095547051,662.662357662,487.37808065,529.823129113,492.934468432,490.644401536,435.529206381,538.682581254,494.77770576,498.048604307,192.640732481,320.183211979,134.015186372,82.4272054985,167.705419518,306.66134678,201.954791478,204.642724663,228.999623725,261.972226387,256.125887669,224.719805859,116.296565873,160.350618325,213.814901646,181.055102862,205.807983627,298.338903705,283.460196485,130.893391482
482.635404718,291.961690697,373.181676757,381.25734458,393.265795172,560.050178679,306.995017234,310.700237095,165.141778254,334.970067872,165.448875203,213.613987146,325.948059812,315.750519764,226.285754251,254.997519471,440.27918688,412.37449542,310.564607678,381.294589441,475.078725317,505.577788157,56.9162773447,26.7480274912,256.739578085,228.482543506,47.1060023425,140.764619085,482.214814719,506.583197728,177.184291018,198.478401243,328.844726954,271.862989454,60.871296423,0.0,167.105101594,163.746918049,174.367604191,190.129956458,476.141919751,430.272643114,504.725108795,503.635668305,408.677401504,393.011936771,474.041597012,532.590885037,484.137508429,436.204784469,516.349243366,601.311160818,478.75724249,525.73237568,507.732413151,484.766256302,434.288809666,464.659317385,474.579343589,496.160470288,306.185239262,272.081179979,122.168359965,63.9450756135,207.403491358,222.003703635,192.310493531,196.842202822,235.097296283,423.479941795,195.353719856,238.260709251,133.881579015,141.830676473,183.212956571,212.3229854,225.64308272,288.039961931,280.457007926,152.427189092
