0.0,277.61476049274347,301.6526839310393,388.007489201774,470.03191395254964,467.964160684212,427.9743584032503,346.4206457985626,254.14926181779228,419.91589325993215,447.6749713435206,469.6784685126919,398.0499689950789,516.3833837147878,381.497959911852,537.124732459022,319.5970229871258,373.18797466325157,480.4563435345466,416.6204203692146,1212.5360544918892,1283.99978069151,1311.015845359208,1061.6994360354015,1169.146455544798,1125.774621499698,1302.7502853948552,1033.1922009853238,1174.5480024965175,1368.5494788445899,1335.7493979341932,1251.258605725555,1252.3496489659472,1274.0680163603738,1120.6503219512786,1148.3997136076932,1274.0429246761316,1234.873263553554,1129.2903090815353,1330.3688260198094,979.8429535013804,1023.3514656984278,1024.3869799958982,1175.0782885970038,901.6975629111906,903.2341442058113,971.4018117628482,1086.0276906930426,1071.1577151498818,1013.930409846252,1076.9130440032914,1080.3149568872523,1087.9922887696239,1143.1424187046975,1086.153813759002,1152.789529934539,1059.992347675668,1107.3762419013765,1106.1452882166664,1198.0651329430978,896.596552198242,904.0688483405456,846.566104096042,898.4661462686937,1015.7231797124078,1007.0930054588182,851.6364937929343,861.0665111334528,891.1388649751397,901.7821549977807,818.7973289085378,940.6280297625078,832.031997127583,784.7888937744025,973.18104152792,819.7355174835858,912.9906403772812,968.1475105360788,956.5361598430719,948.5926905931509
277.61476049274347,0.0,364.0760157917307,328.3153583692849,398.4613338136204,375.9609906147175,434.89683966595555,440.5716316147771,221.5200597732251,328.89667005868426,467.1500734188344,396.58077673761426,407.30324473966624,513.7477905365233,336.55901933040184,556.0643986002127,335.4613386614915,282.28856981102695,414.20512886679757,392.2982401976425,1180.7811930551923,1253.898604901871,1235.4802921038352,1049.7630448746156,1109.6784157024124,1160.872479436358,1330.1033965468666,1110.163007369855,1230.541388959351,1310.0758709189183,1275.2405349114629,1243.750375799729,1220.7858574757563,1219.7783008853849,1063.1297436180705,1190.4417126062392,1247.7814400272857,1255.0189247672656,1184.7729857799854,1279.561953704377,1041.9004320149488,1077.0139213930713,1106.087387983835,1181.9466375354716,855.2332957584964,859.6615697995375,987.1005696319194,1158.4865322447197,1072.129358871614,1021.6833989254437,1126.946713851775,1186.4840666397604,1077.5647256676518,1200.0450330787198,1146.0382758923324,1116.1318284908164,1153.7612024538148,1119.2953134267236,1128.8629538929094,1152.2352029488177,917.0379686932185,948.4377435400799,886.0192420058859,989.919956357967,1009.0319763287938,955.9830171003557,856.0025789184642,915.1638957277008,930.6614492342651,934.394675870599,856.1146344598078,894.7016688130959,867.3717610773108,842.7777449940197,1026.3229893019393,856.0364666924213,963.6012065719988,958.3472676662742,941.488844791493,951.6494684197274
301.6526839310393,364.0760157917307,0.0,450.43187626493017,507.2756246025422,482.8412159690367,370.5649384310913,337.78869617735137,357.4119237829033,494.2960075482047,309.781113027959,504.8705895199073,359.67705161479734,497.93819969801433,407.9501238459572,515.9171491332189,384.8465751242004,404.0160369877016,516.105881371979,351.9956523874877,1212.9183244144037,1276.0310029286145,1311.650470996607,1075.6362122429787,1200.44645519649,1167.4019560354734,1315.5024610530513,1073.4106250023553,1189.3387934119994,1294.1994727681308,1297.7176032795132,1203.2455841007477,1280.6652247679808,1270.8409681515423,1115.6834330148208,1183.2272970118756,1331.3401139267974,1311.240912096215,1276.5758828093246,1356.2919640562532,982.6261098119924,1027.33360993991,1067.4236927862569,1140.4107588507925,919.8148191842436,887.0982337126106,974.9872843543307,1087.5926893209298,1064.3007824224212,1028.512985433527,1053.638765324217,1110.7011006674975,1084.3296762643417,1124.3589685030229,1157.8062600051228,1148.5529799798317,1179.5041498685705,1105.492979142078,1070.818385530611,1131.643632455541,873.7932993898124,895.5026302024812,1025.2783385334972,985.9056211017734,969.8270796026768,921.1120307934455,845.4862563971692,843.3020863026039,906.750877179375,934.098585754027,853.142278076897,934.0526012331318,835.1287295236431,849.1037653088524,979.1036838847848,803.2290161932435,891.2844389372125,932.0553761761784,953.8216978190433,961.0996445372701
388.007489201774,328.3153583692849,450.43187626493017,0.0,337.1966676927125,299.8521988446125,486.44004673690944,539.9423051527253,357.930913493381,184.36481900148064,569.468258279759,354.2256354230258,444.8534856327482,523.5519745299151,244.05114742214386,585.7660286583197,372.2879272536678,334.25578948235653,359.18613283454835,391.1281598528902,1399.0792274200053,1289.6925869912327,1347.9618366926284,1139.18917354338,1149.8985961454848,1136.2356569855203,1278.178781448864,1141.6130100946402,1291.2362113937972,1296.9254545588333,1234.1285795422098,1232.8972201794793,1248.1709601474304,1212.0703292796368,1108.2122906177428,1198.3940109208997,1201.1802834012335,1231.7394971665108,1169.624822547296,1180.775634202703,1084.6214953338474,1112.1617788257977,1108.6803557269704,1186.7848161300444,872.8363263846763,949.9523667405456,1108.3281417968083,1233.5582699677527,1173.7875558544815,1034.7086764132982,1188.0364387763366,1119.840484133187,1117.0727611860138,1135.203171304686,1170.5207650888096,1232.1958071343654,1275.3171653537095,1198.1489454512791,1186.4704754386664,1194.0714942571758,945.353418327684,952.5081629516256,912.4678420772128,948.948600128912,1016.1488914934429,995.6112278904765,842.3731087868941,940.8258938565477,964.380821934351,964.0650415583201,898.7835963209244,943.8968435077051,842.0973303824903,834.5557114963507,975.8881815149074,878.2487194829056,936.4363274737046,966.7338125941842,972.6819155543018,851.9601212127993
470.03191395254964,398.4613338136204,507.2756246025422,337.1966676927125,0.0,277.3546298896705,510.32937319168445,596.0636310327404,425.7042861267857,376.03285106390877,560.5088948178311,246.618337714232,515.447104527905,527.370469914766,302.12746561273445,582.8008526546198,471.18850291625023,387.810399350524,273.7551922160106,467.41604766341675,1191.3401867989378,1200.000924098753,1286.3362056631331,1171.7441549289138,1091.016668168416,1162.911469404419,1231.2790814101756,1102.7447678358535,1277.9491638766306,1196.9782408433052,1147.346693074552,1171.1840951027373,1162.2175255816796,1107.3192495965293,1038.5871504170902,1182.169900083488,1125.1669749696794,1274.3737004058676,1106.7220119604608,1176.9171529080716,1055.1899116197924,1145.0043171338193,1146.539762780129,1189.5959590772154,767.7949672850947,905.4083682438715,1102.9422473764714,1183.6825658463918,1172.3496650525217,1016.6915852691849,1142.9540114626668,1159.6981187605695,1047.4516741887064,1177.6211086043331,1116.7031687964384,1159.8903558566215,1239.5255066734508,1136.480458104896,1160.3521687601453,1143.4389206162014,960.2280248304288,942.2864888919462,968.8502957219971,842.4716670690285,978.3790014488512,996.8017623993612,795.4362191515183,905.8027458359973,939.3306821149278,857.6571465143285,838.4454729012066,901.5051003109286,807.4444239230654,777.67255397598,1025.2111287272166,877.0850510702641,946.7144426411231,899.5102662232466,937.0580808940745,988.5866534047874
467.964160684212,375.9609906147175,482.8412159690367,299.8521988446125,277.3546298896705,0.0,480.7502494348434,595.7627224507462,422.51543249269474,310.8881599744919,573.268001800801,231.3125990332811,489.52781515532746,519.237298399323,305.1554032062292,573.2616457847541,442.66319988198234,348.8988042000825,326.9273636496173,411.944916785263,1223.8371321274385,1217.1659684231968,1308.2284439832174,1188.6623795474125,1167.739513210713,1164.9467764675358,1210.8008067447672,1101.0738754642935,1253.4093791819669,1230.8198267248233,1204.3612520374334,1181.0729024373652,1144.9580700516508,1041.9936167592955,1112.967804681466,1136.3378253899023,1192.7873825958875,1268.6821818702535,1146.0021009834131,1169.917015442074,1109.4125188795097,1154.7805751270796,1131.5703662068122,1209.3973361140977,789.2901578835547,886.2261589182235,1105.0933378060076,1217.8449203181099,1186.9806456715203,1048.3599683017258,1263.0153382490496,1236.2177932970149,1123.0209148206409,1198.3587953867293,1182.0662581911329,1187.9121918238325,1246.585056340482,1151.3218023285192,1160.6886894361965,1156.8135909861164,965.490966722277,946.7451651831419,972.895080690735,892.0939292118632,969.2570032590827,1001.8760740018967,874.9555497113089,942.6622987934992,940.4292117293793,943.0096302436364,921.2241973765956,909.4512139811318,855.3544370508047,857.5344177650466,1042.297479720399,916.2858754810234,951.7150247245407,931.1742756986448,959.5412039098155,987.3566490918405
427.9743584032503,434.89683966595555,370.5649384310913,486.44004673690944,510.32937319168445,480.7502494348434,0.0,443.13424922911554,441.2558091071502,493.7005701074814,403.6455364236139,529.791104338603,235.71563548113124,460.53756628190985,489.52935616862663,578.1852785814314,424.4934701192881,441.97802776646904,492.563345924476,313.59048122077917,1233.2650469630778,1278.4744977869932,1304.7078203423234,1146.269313840878,1174.1338052231727,1152.199596503102,1300.1507334648877,1011.816493496656,1223.047136614809,1323.958383015457,1269.1495885610268,1219.723477954743,1218.767061145368,1228.6075495523717,1084.5424080149203,1090.0292542316406,1323.1319471826698,1291.2138151967506,1195.8437928118994,1207.0361217228053,971.1104952618092,974.5003578816562,1067.6258033638585,1061.2466462695256,896.9437107501744,860.5278271505312,956.1286395514845,1131.4434857970023,1035.2348631195634,986.8315659877109,1114.2836447209154,1069.0403908044716,1051.4399851639366,1058.1522217512836,1074.1097653491966,1072.7519844918925,1057.860145428143,1075.7602339495438,1041.5944899690385,1135.0593796224398,872.3523930325637,830.0599377050646,821.0922353639578,964.074944894051,953.5412178776786,933.9121597074334,947.2478075217434,829.2294563177921,840.9230472161981,921.0278714446606,804.463647262834,973.8863050035982,875.5852205025335,776.665170806967,954.9569721159909,751.4958892709217,864.957691610374,945.7519267186696,914.9658151285005,885.6870055947682
346.4206457985626,440.5716316147771,337.78869617735137,539.9423051527253,596.0636310327404,595.7627224507462,443.13424922911554,0.0,368.45666737764503,531.808105324251,361.8235408353688,603.4024994737802,455.03213921426754,494.14675606326665,527.7649081066644,426.3498922621685,348.3961440750246,474.06713099008243,591.4898611479194,495.55088009795475,1339.949434180675,1395.0240049815106,1257.0421106746355,1248.9333170922607,1204.8462994975398,1243.7502470647312,1330.1587168236815,1048.3486913221511,1255.3563832646898,1373.525869693245,1407.0663436104148,1296.6913251845513,1279.5316209945586,1249.5054343400939,1255.168260006564,1182.2329369259742,1364.3965401952462,1383.7395203253616,1227.076714500881,1349.5700203618758,1023.1760570823653,1044.3894835942676,1079.429925117332,1180.5940702661671,942.6529001899477,973.9250757324103,1014.1992766346139,1182.3056368677803,1121.1488871433794,1041.1225894532267,1113.7189116039674,1049.7268501932544,1086.8613486766249,1076.8251139650918,1173.6262824889727,1175.5045488489193,1075.8065404343563,1172.496749356658,1008.8729670000531,1206.3943472077883,994.108646577945,929.3965007070985,1020.0797786771748,932.1183814933324,1040.2791846140613,961.6988688271282,882.9723106189258,874.2432311203056,959.001366620454,1000.3283382591068,899.5717235518981,957.2686824174851,981.1737602056022,798.779333975532,1062.301428294337,844.2095433908589,928.1547972123898,979.3723776884112,1018.0559615770685,974.7609335276276
254.14926181779228,221.5200597732251,357.4119237829033,357.930913493381,425.7042861267857,422.51543249269474,441.2558091071502,368.45666737764503,0.0,379.6423876998005,460.68670321153166,436.8939526833298,405.7974635462458,506.9500389979968,377.689646798045,552.0146353820107,233.43537552897487,269.66111806137087,436.67372585575447,418.6428922412028,1282.011156577981,1259.0612505585746,1333.6309161063068,1120.9839433893756,1181.4600759291109,1142.0164371700769,1331.9258902130691,1055.961932313404,1223.3978913327267,1333.846750026857,1341.9387725579465,1324.4505378144245,1232.2118225540223,1318.9480018900454,1127.8769966117836,1172.6604899514527,1313.5418194023994,1265.6965967100061,1204.7381382775957,1290.5394934705216,1016.0043802069853,1032.9832096161872,1039.6259857304042,1159.2607371641275,916.9353221218396,938.0167025115854,1019.8331496215008,1207.1580042735382,1061.443674104335,1023.4955460431448,1112.8282985507417,1145.0149510679475,1103.0648724930054,1174.8321592054333,1200.403561951095,1194.212331569274,1155.9710574024987,1085.052519574485,1065.0967446722268,1148.159501817639,911.4908988630384,955.8140830202714,850.2727217767623,1008.2419723995546,1052.0618343033914,978.1798469039887,855.2484721636087,942.2863848445792,954.2621730748303,919.4356615983125,853.8119960191983,927.811265784412,955.0547004624609,830.1449712702964,1032.2118304397704,907.7670059935341,962.2633341162219,953.8417389695925,960.4822444841573,942.9600689616309
419.91589325993215,328.89667005868426,494.2960075482047,184.36481900148064,376.03285106390877,310.8881599744919,493.7005701074814,531.808105324251,379.6423876998005,0.0,582.2382691924132,347.930257863757,453.167710569012,550.8049057130851,283.31127028423606,640.9762390055739,388.7373130769913,325.6182670612611,357.90204160382996,409.5728386048745,1278.5226303069503,1272.1438723297852,1359.7384856835065,1049.91237419225,1181.8421812976842,1167.6806018209134,1294.8714094306265,1110.6854084597062,1295.1857239201627,1290.0761193712387,1240.2922696056921,1220.2984102807147,1165.8430912731756,1204.8462264227237,1073.906338337756,1216.4932856814198,1228.989132169985,1260.2275256997475,1190.9025663456887,1199.9051660712457,1075.2773985355575,1124.4023164045386,1136.2546895491926,1187.970844015626,838.8637372115923,923.2606853791477,1103.73804574382,1224.658984634907,1156.348969639799,1043.5957724503337,1241.5656133406642,1139.7633094930322,1124.7202508650848,1137.7197763754116,1177.1301732748861,1186.300413943071,1244.5530203551923,1183.7832230995207,1209.6735021735892,1220.4661493817064,923.1858240102945,910.0991910445113,916.9447172629663,932.0424119631697,1013.213402492794,1024.4413967411954,835.2152017180742,943.4222780883637,914.1125559336155,995.5768505178045,890.731435448536,943.0039552243471,828.9062088093256,843.703899685264,989.877535235074,896.5640636385416,967.2893617659255,945.1470286772762,983.5745979639621,860.6420813479854
447.6749713435206,467.1500734188344,309.781113027959,569.468258279759,560.5088948178311,573.268001800801,403.6455364236139,361.8235408353688,460.68670321153166,582.2382691924132,0.0,562.9324977026316,388.8246301709031,377.46779293621626,537.185491737431,468.0350581963595,422.95866477224155,478.5853580862043,585.6160334949053,407.31108762575064,1248.9589347644735,1214.4545877137969,1264.070962771344,1105.6670172253966,1128.9526026711062,1215.2010938291533,1303.6706550986505,1062.4763266556665,1192.8258146369371,1331.1393848199205,1324.7567895656125,1255.1079982200815,1247.0429188580576,1212.8463400668277,1157.6888649940051,1246.5940920141038,1305.5867901870906,1284.6134132819718,1153.4992821632131,1302.259362825927,1000.6828604155988,1035.4102859762206,1095.8095992930757,1112.5818380509681,988.9737675855765,927.5095620762933,1001.8057962617421,1098.2655875809503,1116.0791026765892,1038.578682341715,1106.7498246082298,1063.6783763782435,1097.6123586199399,1132.0394013481925,1114.1486173215667,1068.020913417778,1203.9244122871676,1148.8963367877127,939.399028642421,1094.4941483203693,1076.0634322218607,988.7979332957092,887.1664652702348,1028.6755804119562,1071.763703392525,950.9195375763995,883.9545558073866,890.5334270564866,1008.4592966555472,989.8457173813831,890.8772867274084,976.8171537947217,891.1821271690578,827.2615919188875,1009.8764272480128,873.3694306468797,952.3569065071725,1019.4337743120835,977.3880279692831,969.3699516910438
469.6784685126919,396.58077673761426,504.8705895199073,354.2256354230258,246.618337714232,231.3125990332811,529.791104338603,603.4024994737802,436.8939526833298,347.930257863757,562.9324977026316,0.0,516.7986822598915,517.4767171740266,328.82977866256465,596.243792859205,456.4579582267404,372.90991621881324,263.28765342166554,428.3084731390352,1193.9686640908212,1193.535143984689,1297.5291545720643,1172.070910697117,1113.0511810085163,1100.99778248681,1214.6843783048303,1090.1536436033327,1266.8207475475008,1181.4624190879986,1165.608140006889,1177.5674770620933,1107.2524428309048,1062.6437404966616,1015.5424358603182,1128.7169901386187,1170.7811065154613,1288.3876907097183,1133.6162105184455,1170.8090321882976,1054.4046428320157,1156.5918926521342,1143.029489357724,1186.9703778515257,821.081912782508,932.2356827932666,1084.1687599501383,1224.1420359577571,1176.023161271263,1030.5479293803194,1221.6328880980955,1177.2102426433428,1111.0575736832802,1179.8020395142403,1161.136716491719,1188.7056947293736,1292.6628825340006,1162.9890897417213,1159.6989819565583,1196.3762375502804,994.3215490203305,986.138733924445,906.0559549948805,877.2674519162517,951.3896103547696,1052.0584068010637,838.2566644950583,947.5303971850433,978.2042144424362,921.3680641926519,860.788541165529,903.4719851513013,849.4909297779267,824.5271994132551,1077.9066795728368,883.1721814838539,998.2733935298477,965.3941439958726,953.2861512635525,1006.369428081157
398.0499689950789,407.30324473966624,359.67705161479734,444.8534856327482,515.447104527905,489.52781515532746,235.71563548113124,455.03213921426754,405.7974635462458,453.167710569012,388.8246301709031,516.7986822598915,0.0,453.3038291794953,472.32260923672425,526.3179323412448,393.56737207819856,409.21449565449154,524.4824979810346,221.74082396862727,1288.0954639797176,1264.161679204128,1307.4814972009297,1097.4833428497031,1163.7641072941142,1153.567786135632,1294.4923189492526,1019.6754103242939,1166.4971872528547,1339.0157715480116,1308.9516482602744,1202.3783754243013,1212.158614868917,1165.7938965713952,1098.3570645328844,1159.0412086617223,1346.1584757465318,1330.431990756299,1163.1083278276567,1286.0310587220804,1015.2873542638762,1039.579586193267,1111.4400877901026,1040.3132690766147,920.032329788383,908.2138610951209,1000.9743802896323,1044.5062782292205,1035.0626328163894,1029.7787219598893,1172.937216671754,1050.1238140664877,1069.4733055869256,1106.9852279546647,1107.3542577083676,1119.010648522973,1175.687236626711,1108.7994491050683,1018.8180504426579,1146.8100225830606,876.0602233874143,885.4739892388362,851.4893524025704,967.2718315912476,946.3199850383593,915.73540910053,936.7270472274872,823.8579332337035,900.1921450288776,963.2169786753556,787.6533640922717,916.0698552477573,865.6410384261025,804.6159266037004,1001.6318937478908,799.4350440804214,910.2032810842185,994.7816381117298,930.5960063949057,898.3076055698081
516.3833837147878,513.7477905365233,497.93819969801433,523.5519745299151,527.370469914766,519.237298399323,460.53756628190985,494.14675606326665,506.9500389979968,550.8049057130851,377.46779293621626,517.4767171740266,453.3038291794953,0.0,524.9641391565813,423.2051229388045,519.8003199522225,484.2319962084,527.8630288650915,447.72587772352347,1161.247655443323,1167.9110303267323,1225.9319278309479,1159.6625387765826,1114.4737272545583,1126.5690587224472,1268.2344318763865,1048.8503382458239,1201.7625625761002,1290.6185643786591,1254.3053400369772,1245.7373925852373,1196.7464886904336,1189.021517766751,1124.8729189335606,1206.7246723431124,1225.7464688560515,1335.5076493521226,1138.0311764554774,1219.7570314568227,990.663350293054,1047.324949321156,1056.5618994923434,1108.003026477359,974.834341133809,869.3172880651609,960.5307861249731,1173.1836158593558,1087.6693018339472,999.3946673277065,1105.616924188534,1067.0400401204583,995.7137284606748,1143.8473957083183,1062.7774940471927,1105.3183367064382,1169.6258282114004,1190.3358989118783,1046.9881790367915,1109.899649141312,859.8353771957666,962.6487170737015,859.5001415314719,992.8363846774669,942.3485202623749,936.0314874738519,934.9693898674973,846.6250823177528,920.3272716156221,942.6350322183957,863.7843428419937,900.2386879849364,909.4634137101654,812.6951950434157,1019.6230214698635,804.408350891969,909.401226221684,981.987772090981,920.1645398552049,935.1437927891901
381.497959911852,336.55901933040184,407.9501238459572,244.05114742214386,302.12746561273445,305.1554032062292,489.52935616862663,527.7649081066644,377.689646798045,283.31127028423606,537.185491737431,328.82977866256465,472.32260923672425,524.9641391565813,0.0,565.421066757367,403.40795670599357,376.53205406721446,330.6220697802567,397.4439865602554,1256.7386270648676,1292.4310816592056,1345.7793621768121,1086.0620726118939,1144.9537180891919,1127.6311611985086,1288.6746196951626,1129.6020332681032,1269.0296702204105,1317.836152482683,1233.914593258595,1203.6118550788308,1242.5156954930994,1220.2003895010796,1063.6443053153328,1063.2990084680348,1182.2477273468999,1233.0561802531706,1174.5243637504311,1235.5240351520965,1050.55773166777,1063.435210706032,1112.1253160310657,1196.0806590593338,880.6829969085707,920.6093451119345,1086.9394561491843,1156.8943425487628,1137.4354762841945,997.8127001956256,1118.6024325678516,1154.861625416402,1136.299849560569,1146.4372529394914,1123.7342722574076,1153.289539018271,1233.9171863126057,1141.927624637995,1135.9790791498222,1146.1083106205667,908.9493745274044,886.8708910798024,876.8658898712587,915.132953329231,1034.4967794220393,950.3773849082469,823.1075690688554,909.3952820152049,887.9457323449539,942.0606416220822,854.5414696919368,902.1721552032824,791.812838118764,831.2405083444605,949.1437979003142,841.07316183992,872.1807156202547,894.9948687619903,974.0745484128611,813.1802968493448
537.124732459022,556.0643986002127,515.9171491332189,585.7660286583197,582.8008526546198,573.2616457847541,578.1852785814314,426.3498922621685,552.0146353820107,640.9762390055739,468.0350581963595,596.243792859205,526.3179323412448,423.2051229388045,565.421066757367,0.0,523.5851670886937,571.0266360728294,613.424455017769,556.8154940458471,1277.8030683023044,1182.0690635494282,1221.2597921458935,1096.0123126864523,1155.8226559323768,1186.1172899989517,1252.7837545334737,1048.2881689312203,1197.2028266395155,1313.0013648468876,1343.0525834790733,1216.0947372174273,1245.710864824329,1217.6457472563375,1160.7417559360108,1150.7889955222013,1246.152438183912,1359.47776391765,1183.8600100608048,1294.2805526729483,962.5309653870273,1040.2360414681498,1059.3292638644382,1123.0048061408522,998.957724241132,940.9932971138161,949.4288427320482,1162.8865144704196,1034.9132465435493,999.91427546613,1065.6883615881336,1092.648537906714,1022.4933509221855,1194.417115065757,1060.7277925159508,1113.5622245786128,1170.195957253746,1222.481590215255,1004.798028749464,1101.3499392811218,1020.4904729352597,984.1460082106651,1045.2658915839313,1005.1602106238032,1016.9989400369595,928.7903853933675,946.8426413870034,899.8473914825777,936.9547868511567,1043.335783964258,895.7018275373239,938.5348046905182,956.8141365394156,850.0392671973221,1000.8459687701644,852.373660700656,909.9331789182244,1044.0417516613627,991.636080993786,923.1824296054181
319.5970229871258,335.4613386614915,384.8465751242004,372.2879272536678,471.18850291625023,442.66319988198234,424.4934701192881,348.3961440750246,233.43537552897487,388.7373130769913,422.95866477224155,456.4579582267404,393.56737207819856,519.8003199522225,403.40795670599357,523.5851670886937,0.0,325.89570471916215,481.0928047821831,420.3826960063307,1268.8598075659102,1338.5775696494281,1314.728847339567,1138.5258555054675,1173.5000503708804,1207.0182228975282,1336.0243974047721,1046.9722323454118,1213.4331285006092,1404.1931278638099,1338.1585434723452,1320.004998757304,1293.2295288080231,1285.3749228995464,1205.9309794215287,1177.9454694094618,1321.925605890492,1319.4793604583444,1222.1833782680724,1349.1633990625794,1074.788837448842,1060.5928259181198,1068.7482062289014,1133.598748677266,952.9763060949292,950.5207489514014,1005.9890066813491,1126.7912030643536,1100.0787097124492,1038.7025813339267,1180.4168650850422,1123.7442428670809,1105.9656201445498,1088.6377967742424,1150.8451968869854,1243.549634949533,1241.3259881104232,1109.7499544161878,1014.0182460692387,1155.9744864048703,937.5327921613169,950.8642194330344,900.294093724819,1037.2583775272378,1027.3146460331736,998.686320333023,845.70506335311,916.2678930890418,936.7520714290421,964.6487071013432,883.4919596262595,953.7288525967939,932.5216310022244,841.4335730579453,1039.6399589904145,892.5644711475999,990.8889479754864,965.0032194146293,981.0213325069815,974.0783678063533
373.18797466325157,282.28856981102695,404.0160369877016,334.25578948235653,387.810399350524,348.8988042000825,441.97802776646904,474.06713099008243,269.66111806137087,325.6182670612611,478.5853580862043,372.90991621881324,409.21449565449154,484.2319962084,376.53205406721446,571.0266360728294,325.89570471916215,0.0,405.7108870688838,410.88479629730756,1297.0641076318807,1289.7948923843157,1276.0352807595684,1150.0055699663546,1162.5201098220932,1207.543355997294,1344.0531606359298,1074.5112545758393,1282.58876172472,1348.919744673827,1326.4048701721488,1319.1639196743567,1233.856441835512,1269.4054365598797,1164.6892162725544,1240.8637702867213,1239.3810080427054,1293.8039768989422,1183.3563490128577,1236.1883584519048,1077.5980484686756,1086.55822891521,1117.4785689951304,1146.8611900428145,881.914285760043,915.956259212442,1048.6854481358657,1157.7977262527315,1094.4191002648708,1041.1491070742916,1205.0350726991712,1149.0602744316977,1096.056988257337,1149.8866582531066,1168.1135684317758,1147.0430226576125,1185.572186796686,1126.7235147451515,1091.426962135921,1172.3254683263144,966.196784688657,955.0954693941035,930.9986932394861,1050.8550887464592,988.0595379496172,967.8344563872938,856.1650413668258,923.471308938636,928.4793686491449,1028.3306930830252,886.818363995711,937.0082059380711,951.3231542480737,856.5335148018742,1049.4930280973467,887.7041481643507,946.6780420962006,978.3382846525188,976.4084834444442,991.441960430214
480.4563435345466,414.20512886679757,516.105881371979,359.18613283454835,273.7551922160106,326.9273636496173,492.563345924476,591.4898611479194,436.67372585575447,357.90204160382996,585.6160334949053,263.28765342166554,524.4824979810346,527.8630288650915,330.6220697802567,613.424455017769,481.0928047821831,405.7108870688838,0.0,485.7216089203765,1194.9753928822415,1231.1396749414062,1271.2349897805932,1165.0317015591445,1110.292494555626,1161.5494484283697,1252.065035894793,1093.4409447912697,1261.6557298649984,1257.6488600274754,1218.6731931273027,1165.1421150046708,1173.007604745053,1098.0026690707962,1104.6688882372464,1127.733257681021,1136.0187748844637,1219.6909976554537,1108.772083013276,1198.82394612956,1066.6542477272778,1127.527087484036,1103.5894944735148,1220.29924896877,850.8919569349437,908.5190886937473,1069.7605333871097,1168.0906954574357,1176.8619859480018,991.100499781991,1212.563187399205,1143.8871120606427,1082.4586338729616,1165.4492748529628,1140.489045735936,1166.9269358812724,1215.940751318542,1168.8463326878832,1169.4680675596846,1202.003253378672,954.8348945814711,874.6724289162904,928.3774827610583,880.1665824821387,984.6013743107358,984.712339764416,792.7985904342431,944.7666556678755,879.2681741437739,881.9079916858414,817.2373698042842,865.8257068399139,815.8965970516213,784.4017664174961,998.4230509109632,841.001473876328,975.3080569919103,963.1153901246594,964.6499612713494,814.1385547485619
416.6204203692146,392.2982401976425,351.9956523874877,391.1281598528902,467.41604766341675,411.944916785263,313.59048122077917,495.55088009795475,418.6428922412028,409.5728386048745,407.31108762575064,428.3084731390352,221.74082396862727,447.72587772352347,397.4439865602554,556.8154940458471,420.3826960063307,410.88479629730756,485.7216089203765,0.0,1217.6621298905006,1243.4203957084574,1293.717518751191,1120.0195194065388,1154.7652022008053,1178.754736769265,1297.3283822073683,1076.2798984046888,1259.5004633923957,1318.3497416490816,1292.2037548228072,1226.0216142891088,1266.3571662964562,1259.6529313563744,1114.9078172390334,1063.3421468265935,1264.6989288887482,1360.582677636715,1173.680267792873,1323.609016881787,1032.140822301734,1045.7950078706733,1119.889297519287,1083.3033535575505,885.8275353261853,904.8263606659585,1004.3865372991389,1132.7324256839838,1088.3042443290847,1034.8050061944755,1115.6285089442097,1090.5629890374487,1084.3723048997288,1119.9280654242293,1148.132000309772,1087.5496914627395,1156.0033540522406,1148.2433724997372,1101.4474062132251,1258.8492671656988,890.095364858447,909.5688363078178,881.4762130810801,877.4030078702841,944.2741952877648,938.2975156736023,822.5803027465365,880.9813040862315,905.6918597314029,932.034322808955,777.1907768082913,922.3928073513486,933.1830553062977,754.0526770811547,1029.296284588991,848.0060245060997,895.1056702164103,1007.8346333416476,943.5152399481991,916.266175414016
1212.5360544918892,1180.7811930551923,1212.9183244144037,1399.0792274200053,1191.3401867989378,1223.8371321274385,1233.2650469630778,1339.949434180675,1282.011156577981,1278.5226303069503,1248.9589347644735,1193.9686640908212,1288.0954639797176,1161.247655443323,1256.7386270648676,1277.8030683023044,1268.8598075659102,1297.0641076318807,1194.9753928822415,1217.6621298905006,0.0,636.3133627810072,635.0971809816818,669.3055136956306,634.4995189556913,816.3984488310701,776.217244069826,759.8307583447216,673.4327116038226,595.698306223729,675.4193051674495,670.391026146599,664.7258880742646,680.6691204641692,725.7331785001745,727.0197121433976,657.2657205887522,701.9490446788659,662.7678229006415,764.2729450217083,1333.338599421783,1288.983374213365,1213.8142580925387,1185.0876205663615,1091.577716067274,1215.0699727092856,1251.1700244032174,1321.9779712729417,1337.9299610916928,1126.6867887615379,1217.0629180623296,1220.613938653475,1192.9225212143556,1222.0381310579603,1228.3489071989488,1210.1064165930368,1267.8428324567412,1297.2458578702199,1183.8811331722914,1215.387662534696,1250.9787288653597,1199.2685374894768,1246.9102239284614,1163.436934819147,1117.1482846698862,1121.7179463436476,1235.4739514488117,1197.4668982667708,1100.6193217239406,1076.3722203405575,1227.8322219766785,1158.7312605180305,1245.6520765689563,1183.4523024739892,1111.427312335172,1189.785710675752,1187.6721109087289,1053.915154088229,1150.1209987847778,1138.878525913067
1283.99978069151,1253.898604901871,1276.0310029286145,1289.6925869912327,1200.000924098753,1217.1659684231968,1278.4744977869932,1395.0240049815106,1259.0612505585746,1272.1438723297852,1214.4545877137969,1193.535143984689,1264.161679204128,1167.9110303267323,1292.4310816592056,1182.0690635494282,1338.5775696494281,1289.7948923843157,1231.1396749414062,1243.4203957084574,636.3133627810072,0.0,548.0365076013508,636.5833883725959,567.5818420685385,554.3864510220795,560.0187928978706,658.8567645511012,552.3064182155488,567.8698552755121,679.8542502284957,700.0284292428895,686.7714706729746,713.4248454288443,603.87340007497,553.1740096337286,619.2843541923769,657.5962140288761,631.5548583400778,815.8807948525455,1399.514508572898,1331.3740113707238,1288.4903802138208,1169.206782030595,1043.2203600468572,1109.3482933686553,1217.6330073962267,1285.9876688773923,1379.628140884274,1228.0762848780116,1259.0773026025172,1215.036913583215,1241.4803983132679,1329.3782011822507,1178.9700263387683,1231.4701671990997,1290.9804741520716,1299.4095393438797,1224.0996341798884,1217.0755963047598,1168.7892167025893,1088.2615578764144,1189.9093098542157,1126.365570182808,1176.1008513773277,1165.4971080914281,1217.5179309871783,1226.0616806849578,1103.1187910503857,1150.6196678070532,1236.9089830106946,1207.2811385079244,1179.945628489262,1183.004482181122,1142.108591796953,1208.7308210593894,1173.8686042574232,1118.3560166165691,1189.736609511014,1172.8384672851623
1311.015845359208,1235.4802921038352,1311.650470996607,1347.9618366926284,1286.3362056631331,1308.2284439832174,1304.7078203423234,1257.0421106746355,1333.6309161063068,1359.7384856835065,1264.070962771344,1297.5291545720643,1307.4814972009297,1225.9319278309479,1345.7793621768121,1221.2597921458935,1314.728847339567,1276.0352807595684,1271.2349897805932,1293.717518751191,635.0971809816818,548.0365076013508,0.0,647.1117629150152,465.4793226921014,669.0619594244434,654.5032447019925,737.1073684366812,646.0116398164351,688.3704192208861,697.8039078405495,677.4005891497058,672.8591013273498,497.0699663843747,674.3451144305008,689.773583208651,635.8676878888031,619.0541777917455,561.4116659851768,824.686218236478,1244.6765599623848,1177.11249562868,1219.2483879500683,1134.140920205508,1088.081218317464,1093.6927463632755,1173.1644887399846,1189.7135455297505,1208.8517552064413,1110.1284693877378,1225.636392036034,1254.376859089236,1156.0316320679672,1243.2366583952507,1272.0396698793481,1201.7716303991442,1250.7399273816952,1199.3865492777106,1184.343257632296,1186.748217911877,1078.1491285598593,1066.8526287297907,1157.2527447339025,1158.3130168312011,1091.4409800348571,1114.1345861077423,1093.4075191200188,1147.681594985903,1065.5067171080427,1041.8599253674515,1182.7225285290992,1164.7569649305954,1082.856016607283,1095.153718360666,1142.0407365113786,1151.6410674599697,1127.3709306943924,1098.629599067594,1093.5523058257058,1151.583778860286
1061.6994360354015,1049.7630448746156,1075.6362122429787,1139.18917354338,1171.7441549289138,1188.6623795474125,1146.269313840878,1248.9333170922607,1120.9839433893756,1049.91237419225,1105.6670172253966,1172.070910697117,1097.4833428497031,1159.6625387765826,1086.0620726118939,1096.0123126864523,1138.5258555054675,1150.0055699663546,1165.0317015591445,1120.0195194065388,669.3055136956306,636.5833883725959,647.1117629150152,0.0,648.7795955069413,757.9121752081177,665.4079156680363,767.4880501786276,612.7175797698642,609.8775388035441,710.6025398258189,629.4288638932495,748.0497243523043,712.6026057817296,620.5258953822728,723.7998937255527,628.7806558213591,666.7560635352534,704.157222618218,726.6971179946501,1359.4029334261961,1308.0134949879823,1231.5806569073532,1150.3034637004498,1080.0931913969982,1170.0605522130018,1240.1925913044424,1232.159232358697,1239.9983396358907,1188.0359264825538,1256.5033853977839,1146.7155967781355,1181.6681713005905,1222.2256902444306,1308.488790030732,1288.3789417962016,1309.3512780504116,1161.040937978028,1155.1629338376333,1188.1976737051757,1142.312326944815,1073.3891777422564,1133.967774432109,1093.2281335137916,1035.7390499884111,1097.9073528296951,1152.0461912241997,1179.2604534158156,1115.8628330229596,1057.6442750882109,1166.8381509931821,1117.1352478990252,1163.0662669937437,1129.4599802068292,1055.1318443142331,1111.6988925646249,1104.1326765831086,1115.2848333127895,1063.863287732185,1071.8012010316797
1169.146455544798,1109.6784157024124,1200.44645519649,1149.8985961454848,1091.016668168416,1167.739513210713,1174.1338052231727,1204.8462994975398,1181.4600759291109,1181.8421812976842,1128.9526026711062,1113.0511810085163,1163.7641072941142,1114.4737272545583,1144.9537180891919,1155.8226559323768,1173.5000503708804,1162.5201098220932,1110.292494555626,1154.7652022008053,634.4995189556913,567.5818420685385,465.4793226921014,648.7795955069413,0.0,691.511571368822,643.2246179690593,703.3085084188916,632.4689646349743,581.5012115556978,715.3658939795845,698.593640167715,686.7531056492204,532.7898016954193,659.9903340930329,699.1415438967483,660.1264038583461,634.0151800854208,476.90402032642237,749.5383921329322,1184.6884754470923,1271.7079353015495,1209.8992765396379,1086.1570443860012,1070.527069023727,1094.473872386805,1150.1492568489923,1220.682563721027,1276.8330537156482,1127.3962578195797,1200.271283483104,1148.8349847982013,1179.9039452696304,1253.768720110271,1220.2104573457011,1205.9759063577335,1201.358521172945,1212.541329796635,1129.3361219395842,1145.8191753813212,1140.604879900507,1086.631029607566,1175.096322940959,1070.087176751547,1047.2705776184998,1018.2306379694602,1175.732960914232,1204.570297167735,1025.445829851909,1028.8326719769434,1137.0924597227256,1100.7574118889797,1044.1621799829059,1130.1724887289827,1021.72755345921,1124.8151581562822,1069.0318068014565,1042.6085643338465,1069.5133515865896,1105.485149012277
1125.774621499698,1160.872479436358,1167.4019560354734,1136.2356569855203,1162.911469404419,1164.9467764675358,1152.199596503102,1243.7502470647312,1142.0164371700769,1167.6806018209134,1215.2010938291533,1100.99778248681,1153.567786135632,1126.5690587224472,1127.6311611985086,1186.1172899989517,1207.0182228975282,1207.543355997294,1161.5494484283697,1178.754736769265,816.3984488310701,554.3864510220795,669.0619594244434,757.9121752081177,691.511571368822,0.0,342.17994219639303,356.5375460358477,574.4738356295778,660.9266251886137,828.3772196186416,762.8545625239739,902.2357351171789,728.3959373860515,702.8400000624843,305.3965992814551,695.8179332243776,665.9029999543914,746.8384199726751,912.169919769203,1309.9903001431642,1343.924577632653,1296.9926739491023,1209.894453493633,1175.0212507442477,1194.7948299621835,1249.2062093297634,1334.9274929713033,1341.5020673129218,1181.5547327484348,1329.621725223745,1241.950011853222,1269.743839289424,1391.071791790872,1266.873154477637,1293.018051800417,1417.0097665703447,1272.6695202902936,1098.7359809048414,1293.452430813675,1228.37234442535,1151.323666389843,1228.117708618102,1129.8247623734328,1095.0565843324616,1190.7415822421292,1205.4688519539613,1154.4149981911735,1165.9705066509857,1126.4133143244323,1205.9067562817445,1147.0775857030733,1099.8769488568753,1133.7901700476318,1097.7258117453769,1156.6086298166615,1223.371364439228,1175.1717726224329,1151.8477152083678,1130.0275266374422
1302.7502853948552,1330.1033965468666,1315.5024610530513,1278.178781448864,1231.2790814101756,1210.8008067447672,1300.1507334648877,1330.1587168236815,1331.9258902130691,1294.8714094306265,1303.6706550986505,1214.6843783048303,1294.4923189492526,1268.2344318763865,1288.6746196951626,1252.7837545334737,1336.0243974047721,1344.0531606359298,1252.065035894793,1297.3283822073683,776.217244069826,560.0187928978706,654.5032447019925,665.4079156680363,643.2246179690593,342.17994219639303,0.0,397.29468192281666,651.0014722166684,635.4189914641776,730.9712485669002,742.9907696885732,790.2310252023916,749.3947732254231,678.7338495157422,283.61865561139246,633.1422226938834,699.4508180726226,688.3328412177458,855.6450126042885,1298.9595439826667,1299.98731720919,1305.9822016411374,1194.8941004250885,1131.7484667486362,1149.4618187839365,1229.7205120398187,1313.2111001527683,1276.039650415395,1174.8248450205272,1298.793882063759,1176.6438537327845,1253.8685296487783,1247.4609677735216,1273.8596283633447,1300.4908583866165,1412.7393622409747,1352.3811123266626,1135.5904536669334,1217.484405176589,1057.4290869577849,1034.928665838632,1184.132887757545,1102.1939768237842,1117.4600269540852,1092.8331595650916,1110.9122003286514,1089.3809040726728,1036.3208323887025,1128.5753794145116,1071.8512532589702,1093.5131978055902,1105.6111235752112,1097.0085585928184,1128.520279369516,1118.8930424461173,1090.1696066336992,1094.0992775186462,1097.1293815045121,1132.9064064407535
